1614578140944252928
1613824422233755650
1613823169894256640
1613733070254776324
1613732818466623490
1613732580569784323
1613717598113234945
1613461405042184198
1613461027592585217
1613460780409569280
1612736133992955904
1612721152153059333
1612720903787347970
1611558617320230912
1611558242169114624
1611286451777413120
1610924690154954753
1610924312587902977
1610924069087477761
1610893988873048066
1610184437328744448
1610184314582441984
1609324521751822338
1609324395717136384
1609324018275868672
1609323903268044806
1609323713689800706
1609215347189747715
1608297629523365890
1608297377949007872
