1618142877468557312
1618141748227710976
1616357180017635332
1615524728038649856
1615242515929604096
1614880130198913024
1614804761621979136
1614156610925895681
1614155480259084288
1614079860992770049
1613823168140943362
1613717472426835968
1613355079066652674
1612343413780746240
1610539023356907520
1609806828405153794
1609444317193445382
1609104573108523010
1609081928732352515
1608719540132712450
1608357151663169537
1608025088036675587
1607994884341858306
1607980344443293697
1607979786709639168
1607667752013291521
1607666904889688066
1607666268370526210
1607665417824370688
1607342083043459073
